
Iteration 1:
Zone found
Pointer1:2
Pointer2:8
Pointer3:9
Entry:1493.600000
StopLoss1376.250000
Fresh_score=1
Low_till_that_point=1505.000000

Desired Zone found
Final values:
Entry=1493.600000
Stop Loss=1376.250000
Fresh_score=1
Low_till_that_point=1505.000000
